Function	Time(us)	Alloc Mem	Free Mem	No. Alloc	No. Free	Largest Free
vmemalloc	7	4000	88	1	1	80
vmemalloc	37	8000	176	2	2	80
vmemalloc	46	12000	272	3	2	168
vmemalloc	56	16000	368	4	2	256
vmemalloc	67	20000	464	5	2	344
vmemalloc	79	24000	560	6	2	432
vmemalloc	88	28000	656	7	2	520
vmemalloc	103	32000	752	8	2	608
vmemalloc	115	36000	848	9	2	696
vmemalloc	127	40000	944	10	2	784
vmemalloc	139	44000	1040	11	2	872
vmemalloc	151	48000	1136	12	2	960
vmemalloc	160	52000	1232	13	2	1048
vmemalloc	169	56000	1328	14	2	1136
vmemalloc	178	60000	1424	15	2	1224
vmemalloc	187	64000	1520	16	2	1312
vmemalloc	196	68000	1616	17	2	1400
vmemalloc	208	72000	1712	18	2	1488
vmemalloc	218	76000	1808	19	2	1576
vmemalloc	226	80000	1904	20	2	1664
vmemalloc	235	84000	2000	21	2	1752
vmemalloc	245	88000	2096	22	2	1840
vmemalloc	255	92000	2192	23	2	1928
vmemalloc	264	96000	2288	24	2	2016
vmemalloc	276	100000	2384	25	2	2104
vmemalloc	285	104000	2480	26	2	2192
vmemalloc	294	108000	2576	27	2	2280
vmemalloc	302	112000	2672	28	2	2368
vmemalloc	312	116000	2768	29	2	2456
vmemalloc	321	120000	2864	30	2	2544
vmemalloc	330	124000	2960	31	2	2632
vmemalloc	342	128000	3048	32	3	2632
vmemalloc	354	132000	3144	33	3	2632
vmemalloc	363	136000	3240	34	3	2632
vmemalloc	372	140000	3336	35	3	2632
vmemalloc	383	144000	3432	36	3	2632
vmemalloc	392	148000	3528	37	3	2632
vmemalloc	401	152000	3624	38	3	2632
vmemalloc	410	156000	3720	39	3	2632
vmemalloc	419	160000	3816	40	3	2632
vmemalloc	428	164000	3912	41	3	2632
vmemalloc	437	168000	4008	42	3	2632
vmemalloc	446	172000	4104	43	3	2632
vmemalloc	454	176000	4200	44	3	2632
vmemalloc	463	180000	4296	45	3	2632
vmemalloc	472	184000	4392	46	3	2632
vmemalloc	481	188000	4488	47	3	2632
vmemalloc	493	192000	4584	48	3	2632
vmemalloc	502	196000	4680	49	3	2632
vmemalloc	516	200000	4776	50	3	2632
vmemalloc	527	204000	4872	51	3	2632
vmemalloc	536	208000	4968	52	3	2632
vmemalloc	544	212000	5064	53	3	2632
vmemalloc	553	216000	5160	54	3	2632
vmemalloc	565	220000	5256	55	3	2632
vmemalloc	574	224000	5352	56	3	2632
vmemalloc	586	228000	5448	57	3	2632
vmemalloc	595	232000	5544	58	3	2632
vmemalloc	605	236000	5640	59	3	2632
vmemalloc	614	240000	5736	60	3	2632
vmemalloc	623	244000	5832	61	3	2632
vmemalloc	635	248000	5928	62	3	2720
vmemalloc	647	252000	6024	63	3	2808
vmemalloc	661	256000	6120	64	3	2896
vmemalloc	671	260000	6216	65	3	2984
vmemalloc	679	264000	6312	66	3	3072
vmemalloc	688	268000	6408	67	3	3160
vmemalloc	697	272000	6504	68	3	3248
vmemalloc	706	276000	6600	69	3	3336
vmemalloc	715	280000	6696	70	3	3424
vmemalloc	726	284000	6792	71	3	3512
vmemalloc	735	288000	6888	72	3	3600
vmemalloc	744	292000	6984	73	3	3688
vmemalloc	753	296000	7080	74	3	3776
vmemalloc	763	300000	7176	75	3	3864
vmemalloc	774	304000	7272	76	3	3952
vmemalloc	783	308000	7368	77	3	4040
vmemalloc	787	312000	3368	78	3	2632
vmemalloc	798	316000	3464	79	3	2632
vmemalloc	810	320000	3560	80	3	2632
vmemalloc	820	324000	3656	81	3	2632
vmemalloc	830	328000	3752	82	3	2632
vmemalloc	839	332000	3848	83	3	2632
vmemalloc	848	336000	3944	84	3	2632
vmemalloc	857	340000	4040	85	3	2632
vmemalloc	866	344000	4136	86	3	2632
vmemalloc	877	348000	4232	87	3	2632
vmemalloc	886	352000	4328	88	3	2632
vmemalloc	896	356000	4424	89	3	2632
vmemalloc	906	360000	4520	90	3	2632
vmemalloc	915	364000	4616	91	3	2632
vmemalloc	924	368000	4712	92	3	2632
vmemalloc	938	372000	4808	93	3	2632
vmemalloc	947	376000	4904	94	3	2632
vmemalloc	956	380000	5000	95	3	2632
vmemalloc	968	384000	5096	96	3	2632
vmemalloc	981	388000	5192	97	3	2632
vmemalloc	991	392000	5288	98	3	2632
vmemalloc	999	396000	5384	99	3	2632
vmemalloc	1008	400000	5480	100	3	2632
vmefree  	1311	396000	9488	99	3	4088
vmefree  	1312	392000	13488	98	4	4088
vmefree  	1313	388000	17488	97	5	4088
vmemalloc	1314	392000	13488	98	4	4088
vmemalloc	1319	396000	9488	99	3	4088
vmemalloc	1324	400000	5488	100	3	2632
vmefree  	1633	396000	9488	99	4	4000
vmefree  	1634	392000	13496	98	4	8008
vmefree  	1635	388000	17504	97	4	12016
vmefree  	1636	384000	21512	96	4	16024
vmefree  	1637	380000	25520	95	4	20032
vmefree  	1638	376000	29528	94	4	24040
vmefree  	1639	372000	33536	93	4	28048
vmefree  	1679	368000	37544	92	4	32056
vmefree  	1680	364000	41552	91	4	36064
vmefree  	1681	360000	45560	90	4	40072
vmefree  	1682	356000	49568	89	4	44080
vmefree  	1683	352000	53576	88	4	48088
vmefree  	1684	348000	57584	87	4	52096
vmefree  	1685	344000	61592	86	4	56104
vmefree  	1686	340000	65600	85	4	60112
vmefree  	1687	336000	69608	84	4	64120
vmefree  	1688	332000	73616	83	4	68128
vmefree  	1689	328000	77624	82	4	72136
vmefree  	1690	324000	81632	81	4	76144
vmefree  	1691	320000	85640	80	4	80152
vmefree  	1692	316000	89648	79	4	84160
vmefree  	1693	312000	93656	78	4	88168
vmefree  	1694	308000	97664	77	4	92176
vmefree  	1695	304000	101672	76	4	96184
vmefree  	1696	300000	105680	75	4	100192
vmefree  	1697	296000	109688	74	4	104200
vmefree  	1698	292000	113696	73	4	108208
vmefree  	1699	288000	117704	72	4	112216
vmefree  	1700	284000	121712	71	4	116224
vmefree  	1701	280000	125720	70	4	120232
vmefree  	1702	276000	129728	69	4	124240
vmefree  	1703	272000	133736	68	4	128248
vmefree  	1704	268000	137744	67	4	132256
vmefree  	1705	264000	141752	66	4	136264
vmefree  	1706	260000	145760	65	4	140272
vmefree  	1707	256000	149768	64	4	144280
vmefree  	1708	252000	153776	63	4	148288
vmefree  	1709	248000	157784	62	4	152296
vmefree  	1710	244000	161792	61	4	156304
vmefree  	1711	240000	165800	60	4	160312
vmefree  	1712	236000	169808	59	4	164320
vmefree  	1713	232000	173816	58	4	168328
vmefree  	1714	228000	177824	57	4	172336
vmefree  	1715	224000	181832	56	4	176344
vmefree  	1716	220000	185840	55	4	180352
vmefree  	1717	216000	189848	54	4	184360
vmefree  	1718	212000	193856	53	4	188368
vmefree  	1719	208000	197864	52	4	192376
vmefree  	1720	204000	201872	51	4	196384
vmemalloc	1721	208000	197872	52	4	192376
vmemalloc	1724	212000	193872	53	4	188368
vmemalloc	1728	216000	189872	54	4	184360
vmemalloc	1732	220000	185872	55	4	180352
vmemalloc	1736	224000	181872	56	4	176344
vmemalloc	1740	228000	177872	57	4	172336
vmemalloc	1744	232000	173872	58	4	168328
vmemalloc	1748	236000	169872	59	4	164320
vmemalloc	1752	240000	165872	60	4	160312
vmemalloc	1757	244000	161872	61	4	156304
vmemalloc	1761	248000	157872	62	4	152296
vmemalloc	1765	252000	153872	63	4	148288
vmemalloc	1769	256000	149872	64	4	144280
vmemalloc	1774	260000	145872	65	4	140272
vmemalloc	1778	264000	141872	66	4	136264
vmemalloc	1782	268000	137872	67	4	132256
vmemalloc	1787	272000	133872	68	4	128248
vmemalloc	1791	276000	129872	69	4	124240
vmemalloc	1795	280000	125872	70	4	120232
vmemalloc	1799	284000	121872	71	4	116224
vmemalloc	1804	288000	117872	72	4	112216
vmemalloc	1811	292000	113872	73	4	108208
vmemalloc	1815	296000	109872	74	4	104200
vmemalloc	1819	300000	105872	75	4	100192
vmemalloc	1823	304000	101872	76	4	96184
vmemalloc	1828	308000	97872	77	4	92176
vmemalloc	1834	312000	93872	78	4	88168
vmemalloc	1838	316000	89872	79	4	84160
vmemalloc	1843	320000	85872	80	4	80152
vmemalloc	1847	324000	81872	81	4	76144
vmemalloc	1851	328000	77872	82	4	72136
vmemalloc	1860	332000	73872	83	4	68128
vmemalloc	1864	336000	69872	84	4	64120
vmemalloc	1868	340000	65872	85	4	60112
vmemalloc	1873	344000	61872	86	4	56104
vmemalloc	1877	348000	57872	87	4	52096
vmemalloc	1881	352000	53872	88	4	48088
vmemalloc	1886	356000	49872	89	4	44080
vmemalloc	1890	360000	45872	90	4	40072
vmemalloc	1894	364000	41872	91	4	36064
vmemalloc	1899	368000	37872	92	4	32056
vmemalloc	1903	372000	33872	93	4	28048
vmemalloc	1907	376000	29872	94	4	24040
vmemalloc	1912	380000	25872	95	4	20032
vmemalloc	1916	384000	21872	96	4	16024
vmemalloc	1923	388000	17872	97	4	12016
vmemalloc	1931	392000	13872	98	4	8008
vmemalloc	1935	396000	9872	99	4	4000
vmemalloc	1947	400000	9968	100	4	4000
vmefree  	1951	396000	13976	99	4	6064
vmefree  	1952	392000	17984	98	4	8008
vmefree  	1953	388000	21992	97	4	12016
vmefree  	1954	384000	26000	96	4	16024
vmefree  	1955	380000	30008	95	4	20032
vmefree  	1956	376000	34016	94	4	24040
vmefree  	1957	372000	38024	93	4	28048
vmefree  	1958	368000	42032	92	4	32056
vmefree  	1959	364000	46040	91	4	36064
vmefree  	1960	360000	50048	90	4	40072
vmefree  	1961	356000	54056	89	4	44080
vmefree  	1962	352000	58064	88	4	48088
vmefree  	1973	348000	62072	87	4	52096
vmefree  	1974	344000	66080	86	4	56104
vmefree  	1975	340000	70088	85	4	60112
vmefree  	1976	336000	74096	84	4	64120
vmefree  	1977	332000	78104	83	4	68128
vmefree  	1978	328000	82112	82	4	72136
vmefree  	1979	324000	86120	81	4	76144
vmefree  	1980	320000	90128	80	4	80152
vmefree  	1981	316000	94136	79	4	84160
vmefree  	1982	312000	98144	78	4	88168
vmefree  	1983	308000	102152	77	4	92176
vmefree  	1985	304000	106160	76	4	96184
vmefree  	1986	300000	110168	75	4	100192
vmefree  	1987	296000	114176	74	4	104200
vmefree  	1988	292000	118184	73	4	108208
vmefree  	1989	288000	122192	72	4	112216
vmefree  	1990	284000	126200	71	4	116224
vmefree  	1991	280000	130208	70	4	120232
vmefree  	1992	276000	134216	69	4	124240
vmefree  	1993	272000	138224	68	4	128248
vmefree  	1994	268000	142232	67	4	132256
vmefree  	1995	264000	146240	66	4	136264
vmefree  	1996	260000	150248	65	4	140272
vmefree  	1997	256000	154256	64	4	144280
vmefree  	1998	252000	158264	63	4	148288
vmefree  	1999	248000	162272	62	4	152296
vmefree  	2000	244000	166280	61	4	156304
vmefree  	2001	240000	170288	60	4	160312
vmefree  	2002	236000	174296	59	4	164320
vmefree  	2003	232000	178304	58	4	168328
vmefree  	2004	228000	182312	57	4	172336
vmefree  	2004	224000	186320	56	4	176344
vmefree  	2005	220000	190328	55	4	180352
vmefree  	2006	216000	194336	54	4	184360
vmefree  	2007	212000	198344	53	4	188368
vmefree  	2008	208000	202352	52	4	192376
vmefree  	2009	204000	206360	51	4	196384
Function	Time(us)	Alloc Mem	Free Mem	No. Alloc	No. Free	Largest Free
vmemalloc	3	4000	88	1	1	80
vmemalloc	15	8000	176	2	2	80
vmemalloc	23	12000	272	3	2	168
vmemalloc	30	16000	368	4	2	256
vmemalloc	37	20000	464	5	2	344
vmemalloc	44	24000	560	6	2	432
vmemalloc	51	28000	656	7	2	520
vmemalloc	57	32000	752	8	2	608
vmemalloc	63	36000	848	9	2	696
vmemalloc	70	40000	944	10	2	784
vmemalloc	76	44000	1040	11	2	872
vmemalloc	82	48000	1136	12	2	960
vmemalloc	88	52000	1232	13	2	1048
vmemalloc	94	56000	1328	14	2	1136
vmemalloc	100	60000	1424	15	2	1224
vmemalloc	106	64000	1520	16	2	1312
vmemalloc	111	68000	1616	17	2	1400
vmemalloc	117	72000	1712	18	2	1488
vmemalloc	123	76000	1808	19	2	1576
vmemalloc	129	80000	1904	20	2	1664
vmemalloc	134	84000	2000	21	2	1752
vmemalloc	140	88000	2096	22	2	1840
vmemalloc	146	92000	2192	23	2	1928
vmemalloc	153	96000	2288	24	2	2016
vmemalloc	158	100000	2384	25	2	2104
vmemalloc	164	104000	2480	26	2	2192
vmemalloc	170	108000	2576	27	2	2280
vmemalloc	176	112000	2672	28	2	2368
vmemalloc	182	116000	2768	29	2	2456
vmemalloc	187	120000	2864	30	2	2544
vmemalloc	196	124000	2960	31	2	2632
vmemalloc	201	128000	3056	32	2	2720
vmemalloc	207	132000	3152	33	2	2808
vmemalloc	213	136000	3248	34	2	2896
vmemalloc	219	140000	3344	35	2	2984
vmemalloc	224	144000	3440	36	2	3072
vmemalloc	230	148000	3536	37	2	3160
vmemalloc	237	152000	3632	38	2	3248
vmemalloc	243	156000	3728	39	2	3336
vmemalloc	248	160000	3824	40	2	3424
vmemalloc	255	164000	3912	41	3	3424
vmemalloc	261	168000	4008	42	3	3424
vmemalloc	267	172000	4104	43	3	3424
vmemalloc	273	176000	4200	44	3	3424
vmemalloc	279	180000	4296	45	3	3424
vmemalloc	285	184000	4392	46	3	3424
vmemalloc	291	188000	4488	47	3	3424
vmemalloc	297	192000	4584	48	3	3424
vmemalloc	303	196000	4680	49	3	3424
vmemalloc	308	200000	4776	50	3	3424
vmemalloc	314	204000	4872	51	3	3424
vmemalloc	321	208000	4968	52	3	3424
vmemalloc	327	212000	5064	53	3	3424
vmemalloc	332	216000	5160	54	3	3424
vmemalloc	338	220000	5256	55	3	3424
vmemalloc	345	224000	5352	56	3	3424
vmemalloc	352	228000	5448	57	3	3424
vmemalloc	360	232000	5544	58	3	3424
vmemalloc	367	236000	5640	59	3	3424
vmemalloc	373	240000	5736	60	3	3424
vmemalloc	379	244000	5832	61	3	3424
vmemalloc	388	248000	5928	62	3	3424
vmemalloc	393	252000	6024	63	3	3424
vmemalloc	399	256000	6120	64	3	3424
vmemalloc	405	260000	6216	65	3	3424
vmemalloc	412	264000	6312	66	3	3424
vmemalloc	417	268000	6408	67	3	3424
vmemalloc	423	272000	6504	68	3	3424
vmemalloc	429	276000	6600	69	3	3424
vmemalloc	435	280000	6696	70	3	3424
vmemalloc	441	284000	6792	71	3	3424
vmemalloc	446	288000	6888	72	3	3424
vmemalloc	452	292000	6984	73	3	3424
vmemalloc	458	296000	7080	74	3	3424
vmemalloc	464	300000	7176	75	3	3424
vmemalloc	470	304000	7272	76	3	3424
vmemalloc	476	308000	7368	77	3	3424
vmemalloc	482	312000	7464	78	3	3424
vmemalloc	487	316000	7560	79	3	3424
vmemalloc	494	320000	7656	80	3	3512
vmemalloc	500	324000	7752	81	3	3600
vmemalloc	506	328000	7848	82	3	3688
vmemalloc	512	332000	7944	83	3	3776
vmemalloc	517	336000	8040	84	3	3864
vmemalloc	523	340000	8136	85	3	3952
vmemalloc	529	344000	8232	86	3	4040
vmemalloc	532	348000	4232	87	3	3424
vmemalloc	538	352000	4328	88	3	3424
vmemalloc	544	356000	4424	89	3	3424
vmemalloc	550	360000	4520	90	3	3424
vmemalloc	556	364000	4616	91	3	3424
vmemalloc	562	368000	4712	92	3	3424
vmemalloc	568	372000	4808	93	3	3424
vmemalloc	576	376000	4904	94	3	3424
vmemalloc	583	380000	5000	95	3	3424
vmemalloc	589	384000	5096	96	3	3424
vmemalloc	595	388000	5192	97	3	3424
vmemalloc	601	392000	5288	98	3	3424
vmemalloc	607	396000	5384	99	3	3424
vmemalloc	613	400000	5480	100	3	3424
vmefree  	861	396000	9488	99	3	4088
vmefree  	861	392000	13488	98	4	4088
vmefree  	862	388000	17488	97	5	4088
vmemalloc	862	392000	13488	98	4	4088
vmemalloc	865	396000	9488	99	3	4088
vmemalloc	868	400000	5488	100	3	3424
vmefree  	1123	396000	9488	99	4	4000
vmefree  	1124	392000	13496	98	4	8008
vmefree  	1124	388000	17504	97	4	12016
vmefree  	1125	384000	21512	96	4	16024
vmefree  	1125	380000	25520	95	4	20032
vmefree  	1126	376000	29528	94	4	24040
vmefree  	1126	372000	33536	93	4	28048
vmefree  	1127	368000	37544	92	4	32056
vmefree  	1172	364000	41552	91	4	36064
vmefree  	1172	360000	45560	90	4	40072
vmefree  	1173	356000	49568	89	4	44080
vmefree  	1174	352000	53576	88	4	48088
vmefree  	1175	348000	57584	87	4	52096
vmefree  	1176	344000	61592	86	4	56104
vmefree  	1176	340000	65600	85	4	60112
vmefree  	1177	336000	69608	84	4	64120
vmefree  	1178	332000	73616	83	4	68128
vmefree  	1179	328000	77624	82	4	72136
vmefree  	1180	324000	81632	81	4	76144
vmefree  	1180	320000	85640	80	4	80152
vmefree  	1181	316000	89648	79	4	84160
vmefree  	1182	312000	93656	78	4	88168
vmefree  	1183	308000	97664	77	4	92176
vmefree  	1184	304000	101672	76	4	96184
vmefree  	1185	300000	105680	75	4	100192
vmefree  	1186	296000	109688	74	4	104200
vmefree  	1186	292000	113696	73	4	108208
vmefree  	1187	288000	117704	72	4	112216
vmefree  	1188	284000	121712	71	4	116224
vmefree  	1189	280000	125720	70	4	120232
vmefree  	1189	276000	129728	69	4	124240
vmefree  	1190	272000	133736	68	4	128248
vmefree  	1191	268000	137744	67	4	132256
vmefree  	1191	264000	141752	66	4	136264
vmefree  	1191	260000	145760	65	4	140272
vmefree  	1192	256000	149768	64	4	144280
vmefree  	1192	252000	153776	63	4	148288
vmefree  	1193	248000	157784	62	4	152296
vmefree  	1193	244000	161792	61	4	156304
vmefree  	1194	240000	165800	60	4	160312
vmefree  	1194	236000	169808	59	4	164320
vmefree  	1195	232000	173816	58	4	168328
vmefree  	1195	228000	177824	57	4	172336
vmefree  	1195	224000	181832	56	4	176344
vmefree  	1196	220000	185840	55	4	180352
vmefree  	1196	216000	189848	54	4	184360
vmefree  	1197	212000	193856	53	4	188368
vmefree  	1197	208000	197864	52	4	192376
vmefree  	1198	204000	201872	51	4	196384
vmemalloc	1198	208000	197872	52	4	192376
vmemalloc	1201	212000	193872	53	4	188368
vmemalloc	1205	216000	189872	54	4	184360
vmemalloc	1208	220000	185872	55	4	180352
vmemalloc	1211	224000	181872	56	4	176344
vmemalloc	1214	228000	177872	57	4	172336
vmemalloc	1217	232000	173872	58	4	168328
vmemalloc	1220	236000	169872	59	4	164320
vmemalloc	1223	240000	165872	60	4	160312
vmemalloc	1226	244000	161872	61	4	156304
vmemalloc	1229	248000	157872	62	4	152296
vmemalloc	1232	252000	153872	63	4	148288
vmemalloc	1235	256000	149872	64	4	144280
vmemalloc	1238	260000	145872	65	4	140272
vmemalloc	1241	264000	141872	66	4	136264
vmemalloc	1244	268000	137872	67	4	132256
vmemalloc	1247	272000	133872	68	4	128248
vmemalloc	1250	276000	129872	69	4	124240
vmemalloc	1253	280000	125872	70	4	120232
vmemalloc	1256	284000	121872	71	4	116224
vmemalloc	1260	288000	117872	72	4	112216
vmemalloc	1263	292000	113872	73	4	108208
vmemalloc	1266	296000	109872	74	4	104200
vmemalloc	1269	300000	105872	75	4	100192
vmemalloc	1272	304000	101872	76	4	96184
vmemalloc	1275	308000	97872	77	4	92176
vmemalloc	1278	312000	93872	78	4	88168
vmemalloc	1281	316000	89872	79	4	84160
vmemalloc	1284	320000	85872	80	4	80152
vmemalloc	1287	324000	81872	81	4	76144
vmemalloc	1290	328000	77872	82	4	72136
vmemalloc	1293	332000	73872	83	4	68128
vmemalloc	1296	336000	69872	84	4	64120
vmemalloc	1300	340000	65872	85	4	60112
vmemalloc	1302	344000	61872	86	4	56104
vmemalloc	1306	348000	57872	87	4	52096
vmemalloc	1309	352000	53872	88	4	48088
vmemalloc	1312	356000	49872	89	4	44080
vmemalloc	1315	360000	45872	90	4	40072
vmemalloc	1318	364000	41872	91	4	36064
vmemalloc	1321	368000	37872	92	4	32056
vmemalloc	1324	372000	33872	93	4	28048
vmemalloc	1327	376000	29872	94	4	24040
vmemalloc	1330	380000	25872	95	4	20032
vmemalloc	1333	384000	21872	96	4	16024
vmemalloc	1336	388000	17872	97	4	12016
vmemalloc	1339	392000	13872	98	4	8008
vmemalloc	1342	396000	9872	99	4	4000
vmemalloc	1352	400000	9968	100	4	4000
vmefree  	1355	396000	13976	99	4	5272
vmefree  	1356	392000	17984	98	4	8008
vmefree  	1356	388000	21992	97	4	12016
vmefree  	1357	384000	26000	96	4	16024
vmefree  	1357	380000	30008	95	4	20032
vmefree  	1357	376000	34016	94	4	24040
vmefree  	1358	372000	38024	93	4	28048
vmefree  	1358	368000	42032	92	4	32056
vmefree  	1359	364000	46040	91	4	36064
vmefree  	1359	360000	50048	90	4	40072
vmefree  	1360	356000	54056	89	4	44080
vmefree  	1360	352000	58064	88	4	48088
vmefree  	1382	348000	62072	87	4	52096
vmefree  	1382	344000	66080	86	4	56104
vmefree  	1383	340000	70088	85	4	60112
vmefree  	1383	336000	74096	84	4	64120
vmefree  	1384	332000	78104	83	4	68128
vmefree  	1384	328000	82112	82	4	72136
vmefree  	1384	324000	86120	81	4	76144
vmefree  	1385	320000	90128	80	4	80152
vmefree  	1394	316000	94136	79	4	84160
vmefree  	1395	312000	98144	78	4	88168
vmefree  	1395	308000	102152	77	4	92176
vmefree  	1396	304000	106160	76	4	96184
vmefree  	1397	300000	110168	75	4	100192
vmefree  	1398	296000	114176	74	4	104200
vmefree  	1398	292000	118184	73	4	108208
vmefree  	1399	288000	122192	72	4	112216
vmefree  	1400	284000	126200	71	4	116224
vmefree  	1400	280000	130208	70	4	120232
vmefree  	1401	276000	134216	69	4	124240
vmefree  	1402	272000	138224	68	4	128248
vmefree  	1403	268000	142232	67	4	132256
vmefree  	1403	264000	146240	66	4	136264
vmefree  	1404	260000	150248	65	4	140272
vmefree  	1405	256000	154256	64	4	144280
vmefree  	1405	252000	158264	63	4	148288
vmefree  	1406	248000	162272	62	4	152296
vmefree  	1407	244000	166280	61	4	156304
vmefree  	1407	240000	170288	60	4	160312
vmefree  	1408	236000	174296	59	4	164320
vmefree  	1409	232000	178304	58	4	168328
vmefree  	1410	228000	182312	57	4	172336
vmefree  	1410	224000	186320	56	4	176344
vmefree  	1411	220000	190328	55	4	180352
vmefree  	1412	216000	194336	54	4	184360
vmefree  	1413	212000	198344	53	4	188368
vmefree  	1413	208000	202352	52	4	192376
vmefree  	1413	204000	206360	51	4	196384
Function	Time(us)	Alloc Mem	Free Mem	No. Alloc	No. Free	Largest Free
vmemalloc	9	4000	88	1	1	80
vmemalloc	56	8000	176	2	2	80
vmemalloc	80	12000	272	3	2	168
vmemalloc	103	16000	368	4	2	256
vmemalloc	125	20000	464	5	2	344
vmemalloc	148	24000	560	6	2	432
vmemalloc	172	28000	656	7	2	520
vmemalloc	195	32000	752	8	2	608
vmemalloc	218	36000	848	9	2	696
vmemalloc	241	40000	944	10	2	784
vmemalloc	260	44000	1040	11	2	872
vmemalloc	280	48000	1136	12	2	960
vmemalloc	299	52000	1232	13	2	1048
vmemalloc	318	56000	1328	14	2	1136
vmemalloc	337	60000	1424	15	2	1224
vmemalloc	356	64000	1520	16	2	1312
vmemalloc	375	68000	1616	17	2	1400
vmemalloc	396	72000	1712	18	2	1488
vmemalloc	415	76000	1808	19	2	1576
vmemalloc	435	80000	1904	20	2	1664
vmemalloc	454	84000	2000	21	2	1752
vmemalloc	473	88000	2096	22	2	1840
vmemalloc	492	92000	2192	23	2	1928
vmemalloc	514	96000	2288	24	2	2016
vmemalloc	535	100000	2384	25	2	2104
vmemalloc	554	104000	2480	26	2	2192
vmemalloc	574	108000	2576	27	2	2280
vmemalloc	593	112000	2672	28	2	2368
vmemalloc	612	116000	2768	29	2	2456
vmemalloc	631	120000	2864	30	2	2544
vmemalloc	650	124000	2960	31	2	2632
vmemalloc	669	128000	3056	32	2	2720
vmemalloc	688	132000	3152	33	2	2808
vmemalloc	707	136000	3248	34	2	2896
vmemalloc	726	140000	3344	35	2	2984
vmemalloc	746	144000	3440	36	2	3072
vmemalloc	765	148000	3536	37	2	3160
vmemalloc	786	152000	3632	38	2	3248
vmemalloc	805	156000	3728	39	2	3336
vmemalloc	824	160000	3824	40	2	3424
vmemalloc	846	164000	3912	41	3	3424
vmemalloc	866	168000	4008	42	3	3424
vmemalloc	886	172000	4104	43	3	3424
vmemalloc	905	176000	4200	44	3	3424
vmemalloc	925	180000	4296	45	3	3424
vmemalloc	944	184000	4392	46	3	3424
vmemalloc	967	188000	4488	47	3	3424
vmemalloc	986	192000	4584	48	3	3424
vmemalloc	1005	196000	4680	49	3	3424
vmemalloc	1025	200000	4776	50	3	3424
vmemalloc	1044	204000	4872	51	3	3424
vmemalloc	1066	208000	4968	52	3	3424
vmemalloc	1086	212000	5064	53	3	3424
vmemalloc	1105	216000	5160	54	3	3424
vmemalloc	1125	220000	5256	55	3	3424
vmemalloc	1144	224000	5352	56	3	3424
vmemalloc	1163	228000	5448	57	3	3424
vmemalloc	1183	232000	5544	58	3	3424
vmemalloc	1202	236000	5640	59	3	3424
vmemalloc	1222	240000	5736	60	3	3424
vmemalloc	1241	244000	5832	61	3	3424
vmemalloc	1260	248000	5928	62	3	3424
vmemalloc	1280	252000	6024	63	3	3424
vmemalloc	1300	256000	6120	64	3	3424
vmemalloc	1319	260000	6216	65	3	3424
vmemalloc	1341	264000	6312	66	3	3424
vmemalloc	1361	268000	6408	67	3	3424
vmemalloc	1380	272000	6504	68	3	3424
vmemalloc	1399	276000	6600	69	3	3424
vmemalloc	1419	280000	6696	70	3	3424
vmemalloc	1438	284000	6792	71	3	3424
vmemalloc	1458	288000	6888	72	3	3424
vmemalloc	1477	292000	6984	73	3	3424
vmemalloc	1497	296000	7080	74	3	3424
vmemalloc	1516	300000	7176	75	3	3424
vmemalloc	1535	304000	7272	76	3	3424
vmemalloc	1555	308000	7368	77	3	3424
vmemalloc	1578	312000	7464	78	3	3424
vmemalloc	1598	316000	7560	79	3	3424
vmemalloc	1620	320000	7656	80	3	3512
vmemalloc	1640	324000	7752	81	3	3600
vmemalloc	1659	328000	7848	82	3	3688
vmemalloc	1678	332000	7944	83	3	3776
vmemalloc	1697	336000	8040	84	3	3864
vmemalloc	1717	340000	8136	85	3	3952
vmemalloc	1736	344000	8232	86	3	4040
vmemalloc	1746	348000	4232	87	3	3424
vmemalloc	1766	352000	4328	88	3	3424
vmemalloc	1786	356000	4424	89	3	3424
vmemalloc	1805	360000	4520	90	3	3424
vmemalloc	1824	364000	4616	91	3	3424
vmemalloc	1844	368000	4712	92	3	3424
vmemalloc	1863	372000	4808	93	3	3424
vmemalloc	1882	376000	4904	94	3	3424
vmemalloc	1919	380000	5000	95	3	3424
vmemalloc	1939	384000	5096	96	3	3424
vmemalloc	1958	388000	5192	97	3	3424
vmemalloc	1977	392000	5288	98	3	3424
vmemalloc	1997	396000	5384	99	3	3424
vmemalloc	2015	400000	5480	100	3	3424
vmefree  	2834	396000	9488	99	3	4088
vmefree  	2837	392000	13488	98	4	4088
vmefree  	2839	388000	17488	97	5	4088
vmemalloc	2841	392000	13488	98	4	4088
vmemalloc	2852	396000	9488	99	3	4088
vmemalloc	2862	400000	5488	100	3	3424
vmefree  	3692	396000	9488	99	4	4000
vmefree  	3695	392000	13496	98	4	8008
vmefree  	3696	388000	17504	97	4	12016
vmefree  	3698	384000	21512	96	4	16024
vmefree  	3699	380000	25520	95	4	20032
vmefree  	3701	376000	29528	94	4	24040
vmefree  	3823	372000	33536	93	4	28048
vmefree  	3826	368000	37544	92	4	32056
vmefree  	3829	364000	41552	91	4	36064
vmefree  	3832	360000	45560	90	4	40072
vmefree  	3834	356000	49568	89	4	44080
vmefree  	3837	352000	53576	88	4	48088
vmefree  	3840	348000	57584	87	4	52096
vmefree  	3843	344000	61592	86	4	56104
vmefree  	3846	340000	65600	85	4	60112
vmefree  	3849	336000	69608	84	4	64120
vmefree  	3851	332000	73616	83	4	68128
vmefree  	3854	328000	77624	82	4	72136
vmefree  	3857	324000	81632	81	4	76144
vmefree  	3859	320000	85640	80	4	80152
vmefree  	3862	316000	89648	79	4	84160
vmefree  	3865	312000	93656	78	4	88168
vmefree  	3867	308000	97664	77	4	92176
vmefree  	3870	304000	101672	76	4	96184
vmefree  	3872	300000	105680	75	4	100192
vmefree  	3875	296000	109688	74	4	104200
vmefree  	3876	292000	113696	73	4	108208
vmefree  	3878	288000	117704	72	4	112216
vmefree  	3880	284000	121712	71	4	116224
vmefree  	3881	280000	125720	70	4	120232
vmefree  	3883	276000	129728	69	4	124240
vmefree  	3884	272000	133736	68	4	128248
vmefree  	3885	268000	137744	67	4	132256
vmefree  	3887	264000	141752	66	4	136264
vmefree  	3888	260000	145760	65	4	140272
vmefree  	3890	256000	149768	64	4	144280
vmefree  	3891	252000	153776	63	4	148288
vmefree  	3893	248000	157784	62	4	152296
vmefree  	3894	244000	161792	61	4	156304
vmefree  	3896	240000	165800	60	4	160312
vmefree  	3897	236000	169808	59	4	164320
vmefree  	3899	232000	173816	58	4	168328
vmefree  	3900	228000	177824	57	4	172336
vmefree  	3901	224000	181832	56	4	176344
vmefree  	3903	220000	185840	55	4	180352
vmefree  	3904	216000	189848	54	4	184360
vmefree  	3906	212000	193856	53	4	188368
vmefree  	3907	208000	197864	52	4	192376
vmefree  	3909	204000	201872	51	4	196384
vmemalloc	3911	208000	197872	52	4	192376
vmemalloc	3921	212000	193872	53	4	188368
vmemalloc	3931	216000	189872	54	4	184360
vmemalloc	3941	220000	185872	55	4	180352
vmemalloc	3951	224000	181872	56	4	176344
vmemalloc	3961	228000	177872	57	4	172336
vmemalloc	3971	232000	173872	58	4	168328
vmemalloc	3981	236000	169872	59	4	164320
vmemalloc	3991	240000	165872	60	4	160312
vmemalloc	4000	244000	161872	61	4	156304
vmemalloc	4010	248000	157872	62	4	152296
vmemalloc	4021	252000	153872	63	4	148288
vmemalloc	4031	256000	149872	64	4	144280
vmemalloc	4041	260000	145872	65	4	140272
vmemalloc	4051	264000	141872	66	4	136264
vmemalloc	4061	268000	137872	67	4	132256
vmemalloc	4071	272000	133872	68	4	128248
vmemalloc	4081	276000	129872	69	4	124240
vmemalloc	4091	280000	125872	70	4	120232
vmemalloc	4101	284000	121872	71	4	116224
vmemalloc	4111	288000	117872	72	4	112216
vmemalloc	4121	292000	113872	73	4	108208
vmemalloc	4131	296000	109872	74	4	104200
vmemalloc	4141	300000	105872	75	4	100192
vmemalloc	4151	304000	101872	76	4	96184
vmemalloc	4161	308000	97872	77	4	92176
vmemalloc	4171	312000	93872	78	4	88168
vmemalloc	4181	316000	89872	79	4	84160
vmemalloc	4191	320000	85872	80	4	80152
vmemalloc	4201	324000	81872	81	4	76144
vmemalloc	4211	328000	77872	82	4	72136
vmemalloc	4221	332000	73872	83	4	68128
vmemalloc	4230	336000	69872	84	4	64120
vmemalloc	4240	340000	65872	85	4	60112
vmemalloc	4250	344000	61872	86	4	56104
vmemalloc	4260	348000	57872	87	4	52096
vmemalloc	4270	352000	53872	88	4	48088
vmemalloc	4280	356000	49872	89	4	44080
vmemalloc	4290	360000	45872	90	4	40072
vmemalloc	4300	364000	41872	91	4	36064
vmemalloc	4310	368000	37872	92	4	32056
vmemalloc	4320	372000	33872	93	4	28048
vmemalloc	4330	376000	29872	94	4	24040
vmemalloc	4340	380000	25872	95	4	20032
vmemalloc	4349	384000	21872	96	4	16024
vmemalloc	4360	388000	17872	97	4	12016
vmemalloc	4370	392000	13872	98	4	8008
vmemalloc	4381	396000	9872	99	4	4000
vmemalloc	4408	400000	9968	100	4	4000
vmefree  	4419	396000	13976	99	4	5272
vmefree  	4421	392000	17984	98	4	8008
vmefree  	4422	388000	21992	97	4	12016
vmefree  	4424	384000	26000	96	4	16024
vmefree  	4425	380000	30008	95	4	20032
vmefree  	4427	376000	34016	94	4	24040
vmefree  	4428	372000	38024	93	4	28048
vmefree  	4430	368000	42032	92	4	32056
vmefree  	4431	364000	46040	91	4	36064
vmefree  	4432	360000	50048	90	4	40072
vmefree  	4434	356000	54056	89	4	44080
vmefree  	4501	352000	58064	88	4	48088
vmefree  	4502	348000	62072	87	4	52096
vmefree  	4504	344000	66080	86	4	56104
vmefree  	4505	340000	70088	85	4	60112
vmefree  	4507	336000	74096	84	4	64120
vmefree  	4508	332000	78104	83	4	68128
vmefree  	4510	328000	82112	82	4	72136
vmefree  	4511	324000	86120	81	4	76144
vmefree  	4513	320000	90128	80	4	80152
vmefree  	4514	316000	94136	79	4	84160
vmefree  	4515	312000	98144	78	4	88168
vmefree  	4517	308000	102152	77	4	92176
vmefree  	4518	304000	106160	76	4	96184
vmefree  	4520	300000	110168	75	4	100192
vmefree  	4521	296000	114176	74	4	104200
vmefree  	4523	292000	118184	73	4	108208
vmefree  	4524	288000	122192	72	4	112216
vmefree  	4526	284000	126200	71	4	116224
vmefree  	4527	280000	130208	70	4	120232
vmefree  	4529	276000	134216	69	4	124240
vmefree  	4530	272000	138224	68	4	128248
vmefree  	4532	268000	142232	67	4	132256
vmefree  	4533	264000	146240	66	4	136264
vmefree  	4535	260000	150248	65	4	140272
vmefree  	4536	256000	154256	64	4	144280
vmefree  	4537	252000	158264	63	4	148288
vmefree  	4539	248000	162272	62	4	152296
vmefree  	4540	244000	166280	61	4	156304
vmefree  	4542	240000	170288	60	4	160312
vmefree  	4543	236000	174296	59	4	164320
vmefree  	4545	232000	178304	58	4	168328
vmefree  	4546	228000	182312	57	4	172336
vmefree  	4548	224000	186320	56	4	176344
vmefree  	4549	220000	190328	55	4	180352
vmefree  	4551	216000	194336	54	4	184360
vmefree  	4552	212000	198344	53	4	188368
vmefree  	4554	208000	202352	52	4	192376
vmefree  	4555	204000	206360	51	4	196384
